time REAL,wind_dir INTEGER,windspeed_avg REAL,windspeed_max REAL,rainfall_hour REAL,rainfall_day REAL,temperature REAL,humidity INTEGER,barometer REAL,rainsensor_analogue INTEGER,rainsensor_digital INTEGER, lightning BOOLEAN,lightning_distance INTEGER,lightning_intensity REAL,probe_temp REAL

1625665665.24584,225,0.0,1.79,0.0,0.0,20.0,32,843.8,1004,1004,,,,14.13

1625665665.24584|225|0.0|1.79|0.0|0.0|20.0|32|843.8|1004|1004||||14.13
1625665695.89438|135|0.0|1.79|0.0|0.0|20.0|31|843.8|1004|1004||||14.06
1625665710.64916|180|0.0|1.79|0.0|0.0|20.0|31|843.8|1003|1003||||14.06
1625665725.40809|135|0.0|1.79|0.0|0.0|20.56|31|843.8|1004|1005||||14.13
1625665740.16686|135|0.0|1.79|0.0|0.0|20.56|31|843.8|1003|1003||||14.13
1625665756.06453|135|0.45|1.79|0.0|0.0|20.56|31|843.8|1001|1003||||14.13
1625665770.82755|135|0.45|1.79|0.0|0.0|20.56|31|843.8|1004|1003||||14.13
1625665785.58247|135|0.45|1.79|0.0|0.0|20.56|31|843.8|1002|1003||||14.13
1625665800.34132|135|0.89|1.79|0.0|0.0|20.56|31|843.8|1004|1004||||14.13
1625665815.10027|45|0.45|1.79|0.0|0.0|20.56|31|843.8|1000|1004||||14.13
1625665830.98975|90|0.45|1.79|0.0|0.0|20.56|31|843.8|1000|1003||||14.06
1625665845.74456|225|0.0|1.79|0.0|0.0|20.56|31|843.8|1006|1005||||14.13

1625665665.24584,
225,
0.0,
1.79,
0.0,
0.0,
20.0,
32,
843.8,
1004,
1004,,,,14.13

"time": 1625665665.24584,
"wind_dir": 225,
"windspeed_avg": 0.0,
"windspeed_max": 1.79,
"rainfall_hour": 0.0,
"rainfall_day": 0.0,
"temperature": 20.0,
"humidity": 32,
"barometer": 843.8,
"rainsensor_analogue": 1004,
"rainsensor_digital": 1004,
"lightning": false,
"lightning_distance": null,
"lightning_intensity": null,
"probe_temp": 14.13
